Vertex	   Distance	   Path
0 -> 1 		 39		0 1 
0 -> 2 		 21		0 21 2 
0 -> 3 		 59		0 3 
0 -> 4 		 54		0 4 
0 -> 5 		 33		0 5 
0 -> 6 		 57		0 6 
0 -> 7 		 32		0 7 
0 -> 8 		 89		0 8 
0 -> 9 		 73		0 9 
0 -> 10 		 29		0 10 
0 -> 11 		 46		0 11 
0 -> 12 		 16		0 12 
0 -> 13 		 82		0 21 2 13 
0 -> 14 		 120		0 14 
0 -> 15 		 45		0 15 
0 -> 16 		 24		0 16 
0 -> 17 		 31		0 21 2 17 
0 -> 18 		 36		0 18 
0 -> 19 		 25		0 19 
0 -> 20 		 38		0 20 
0 -> 21 		 16		0 21 
0 -> 22 		 43		0 22 
0 -> 23 		 21		0 23 
0 -> 24 		 49		0 16 24 
0 -> 25 		 57		0 25 
0 -> 26 		 46		0 26 
0 -> 27 		 72		0 27 
0 -> 28 		 121		0 28 
0 -> 29 		 73		0 29 
