Vertex	   Distance	   Path
0 -> 1 		 412		0 71 69 1 
0 -> 2 		 388		0 90 2 
0 -> 3 		 368		0 119 92 3 
0 -> 4 		 102		0 90 4 
0 -> 5 		 282		0 93 5 
0 -> 6 		 556		0 90 4 111 127 6 
0 -> 7 		 501		0 71 69 7 
0 -> 8 		 356		0 41 8 
0 -> 9 		 382		0 93 115 9 
0 -> 10 		 506		0 41 10 
0 -> 11 		 498		0 93 115 11 
0 -> 12 		 467		0 71 48 58 12 
0 -> 13 		 627		0 21 25 13 
0 -> 14 		 308		0 14 
0 -> 15 		 393		0 14 15 
0 -> 16 		 409		0 90 91 26 16 
0 -> 17 		 327		0 53 17 
0 -> 18 		 331		0 119 55 18 
0 -> 19 		 303		0 71 69 19 
0 -> 20 		 344		0 71 69 79 20 
0 -> 21 		 244		0 21 
0 -> 22 		 353		0 71 22 
0 -> 23 		 442		0 71 69 79 23 
0 -> 24 		 427		0 93 115 110 24 
0 -> 25 		 342		0 21 25 
0 -> 26 		 300		0 90 91 26 
0 -> 27 		 326		0 27 
0 -> 28 		 474		0 21 25 28 
0 -> 29 		 295		0 90 4 111 29 
0 -> 30 		 131		0 90 30 
0 -> 31 		 351		0 119 55 31 
0 -> 32 		 429		0 90 91 75 32 
0 -> 33 		 390		0 53 33 
0 -> 34 		 351		0 73 34 
0 -> 35 		 403		0 90 4 111 127 35 
0 -> 36 		 400		0 90 4 107 36 
0 -> 37 		 313		0 21 37 
0 -> 38 		 401		0 71 69 38 
0 -> 39 		 391		0 119 55 60 39 
0 -> 40 		 489		0 90 4 40 
0 -> 41 		 126		0 41 
0 -> 42 		 456		0 71 69 79 42 
0 -> 43 		 379		0 73 43 
0 -> 44 		 339		0 90 4 111 44 
0 -> 45 		 365		0 41 45 
0 -> 46 		 319		0 71 46 
0 -> 47 		 281		0 71 69 47 
0 -> 48 		 293		0 71 48 
0 -> 49 		 463		0 71 48 49 
0 -> 50 		 371		0 93 115 110 50 
0 -> 51 		 372		0 57 51 
0 -> 52 		 461		0 90 4 111 52 
0 -> 53 		 245		0 53 
0 -> 54 		 383		0 93 115 54 
0 -> 55 		 280		0 119 55 
0 -> 56 		 471		0 71 56 
0 -> 57 		 187		0 57 
0 -> 58 		 398		0 71 48 58 
0 -> 59 		 333		0 73 59 
0 -> 60 		 358		0 119 55 60 
0 -> 61 		 390		0 41 45 61 
0 -> 62 		 492		0 90 4 111 127 62 
0 -> 63 		 373		0 119 55 63 
0 -> 64 		 401		0 64 
0 -> 65 		 390		0 90 4 111 127 65 
0 -> 66 		 476		0 90 4 111 29 66 
0 -> 67 		 395		0 71 69 79 67 
0 -> 68 		 447		0 88 116 68 
0 -> 69 		 155		0 71 69 
0 -> 70 		 398		0 71 69 47 70 
0 -> 71 		 88		0 71 
0 -> 72 		 317		0 21 72 
0 -> 73 		 216		0 73 
0 -> 74 		 361		0 90 4 111 74 
0 -> 75 		 334		0 90 91 75 
0 -> 76 		 488		0 90 4 111 127 35 76 
0 -> 77 		 450		0 90 4 111 127 77 
0 -> 78 		 472		0 71 69 79 23 78 
0 -> 79 		 302		0 71 69 79 
0 -> 80 		 430		0 88 116 126 80 
0 -> 81 		 339		0 57 81 
0 -> 82 		 436		0 21 25 82 
0 -> 83 		 533		0 90 91 83 
0 -> 84 		 346		0 90 4 107 84 
0 -> 85 		 373		0 90 4 111 85 
0 -> 86 		 319		0 41 86 
0 -> 87 		 429		0 90 4 111 87 
0 -> 88 		 128		0 88 
0 -> 89 		 375		0 90 4 111 29 89 
0 -> 90 		 47		0 90 
0 -> 91 		 172		0 90 91 
0 -> 92 		 278		0 119 92 
0 -> 93 		 130		0 93 
0 -> 94 		 416		0 93 115 94 
0 -> 95 		 218		0 95 
0 -> 96 		 589		0 14 117 96 
0 -> 97 		 397		0 71 97 
0 -> 98 		 414		0 41 8 98 
0 -> 99 		 433		0 90 4 107 84 99 
0 -> 100 		 437		0 119 55 100 
0 -> 101 		 421		0 90 4 122 101 
0 -> 102 		 326		0 41 102 
0 -> 103 		 470		0 21 72 103 
0 -> 104 		 298		0 90 4 104 
0 -> 105 		 447		0 90 4 111 127 35 105 
0 -> 106 		 414		0 71 69 106 
0 -> 107 		 177		0 90 4 107 
0 -> 108 		 243		0 88 108 
0 -> 109 		 387		0 119 109 
0 -> 110 		 324		0 93 115 110 
0 -> 111 		 205		0 90 4 111 
0 -> 112 		 427		0 90 4 118 112 
0 -> 113 		 328		0 90 4 107 113 
0 -> 114 		 458		0 88 116 126 114 
0 -> 115 		 202		0 93 115 
0 -> 116 		 286		0 88 116 
0 -> 117 		 388		0 14 117 
0 -> 118 		 318		0 90 4 118 
0 -> 119 		 168		0 119 
0 -> 120 		 344		0 119 55 120 
0 -> 121 		 591		0 93 115 110 24 121 
0 -> 122 		 362		0 90 4 122 
0 -> 123 		 555		0 21 37 123 
0 -> 124 		 516		0 90 4 107 113 124 
0 -> 125 		 439		0 14 125 
0 -> 126 		 343		0 88 116 126 
0 -> 127 		 310		0 90 4 111 127 
