Vertex	 Distance	Path
0 -> 1 		 145		0 29 1 
0 -> 2 		 144		0 32 43 2 
0 -> 3 		 181		0 3 
0 -> 4 		 77		0 4 
0 -> 5 		 146		0 32 43 5 
0 -> 6 		 76		0 6 
0 -> 7 		 100		0 7 
0 -> 8 		 195		0 8 
0 -> 9 		 151		0 9 
0 -> 10 		 49		0 10 
0 -> 11 		 84		0 11 
0 -> 12 		 63		0 27 12 
0 -> 13 		 114		0 13 
0 -> 14 		 29		0 14 
0 -> 15 		 107		0 19 15 
0 -> 16 		 134		0 32 43 16 
0 -> 17 		 32		0 17 
0 -> 18 		 64		0 18 
0 -> 19 		 88		0 19 
0 -> 20 		 18		0 20 
0 -> 21 		 153		0 21 
0 -> 22 		 144		0 32 43 22 
0 -> 23 		 39		0 23 
0 -> 24 		 187		0 29 44 24 
0 -> 25 		 37		0 25 
0 -> 26 		 219		0 26 
0 -> 27 		 44		0 27 
0 -> 28 		 24		0 28 
0 -> 29 		 57		0 29 
0 -> 30 		 144		0 30 
0 -> 31 		 38		0 31 
0 -> 32 		 74		0 32 
0 -> 33 		 57		0 33 
0 -> 34 		 57		0 23 34 
0 -> 35 		 125		0 19 15 35 
0 -> 36 		 144		0 36 
0 -> 37 		 188		0 29 44 37 
0 -> 38 		 69		0 38 
0 -> 39 		 139		0 7 39 
0 -> 40 		 143		0 32 43 40 
0 -> 41 		 149		0 32 43 41 
0 -> 42 		 44		0 42 
0 -> 43 		 83		0 32 43 
0 -> 44 		 84		0 29 44 
0 -> 45 		 40		0 45 
0 -> 46 		 148		0 32 43 46 
0 -> 47 		 126		0 32 43 47 
0 -> 48 		 137		0 32 58 48 
0 -> 49 		 40		0 49 
0 -> 50 		 19		0 50 
0 -> 51 		 220		0 51 
0 -> 52 		 71		0 52 
0 -> 53 		 106		0 53 
0 -> 54 		 72		0 54 
0 -> 55 		 159		0 29 55 
0 -> 56 		 42		0 56 
0 -> 57 		 99		0 27 12 57 
0 -> 58 		 115		0 32 58 
